,0,1,2
0,17,河北,714.9581909179688
1,11,山西,575.492919921875
2,3,内蒙,530.6573486328125
3,27,辽宁,512.3368530273438
4,5,吉林,314.339111328125
5,31,黑龙江,390.96044921875
6,15,江苏,521.5164794921875
7,19,浙江,390.845458984375
8,9,安徽,402.57159423828125
9,24,福建,336.6286315917969
10,16,江西,368.4152526855469
11,10,山东,611.6871948242188
12,18,河南,556.34619140625
13,21,湖北,378.00518798828125
14,22,湖南,379.8987731933594
15,13,广西,341.83831787109375
16,28,重庆,296.07550048828125
17,6,四川,405.8003845214844
18,26,贵州,354.662353515625
19,2, 云南,381.4158935546875
20,29,陕西,389.0741882324219
21,23,甘肃,301.572021484375
22,30,青海,266.6558532714844
23,8,宁夏,278.2458801269531
